# Auto-extracted from active Appendix case headings.
# Each record is [case_id, three 5D vertex vectors, x phase vector, y phase vector].
# Phase vectors use normalized variables (a,b,c,d,e,q), with q=1/f.
# Vertex identities determine the IDs; APP-133 covers the repeated heading APP-158.
appendix_all_3vertex_cases := [
  ["APP-001", [[1,0,0,1,1],[0,1,0,2,0],[0,0,1,0,2]], [0,0,0,2,0,0], [0,0,0,0,0,2]],
  ["APP-002", [[1,0,0,1,1],[0,1,0,1,1],[0,0,1,0,2]], [0,0,0,2/3,0,0], [0,0,0,0,0,4/3]],
  ["APP-003", [[1,0,0,2,0],[0,1,0,2,0],[0,0,1,0,2]], [0,0,0,2,0,0], [0,0,0,0,0,4]],
  ["APP-004", [[1,0,0,2,0],[0,1,0,1,1],[0,0,1,0,2]], [0,0,0,2,0,0], [0,0,0,0,0,2]],
  ["APP-005", [[1,0,0,0,2],[0,1,0,2,0],[0,0,1,0,2]], [0,0,0,2/3,0,0], [0,0,0,0,0,4/3]],
  ["APP-006", [[1,0,0,0,2],[0,1,0,1,1],[0,0,1,0,2]], [0,0,0,1,0,1], [0,0,0,1,0,-1]],
  ["APP-007-OR1", [[1,0,0,2,0],[0,1,0,2,0],[1,1,1,0,0]], [0,0,0,2,0,0], [0,0,0,0,0,4]],
  ["APP-007-OR2", [[1,0,0,2,0],[0,1,0,2,0],[0,2,1,0,0]], [0,0,0,2,0,0], [0,0,0,0,0,4]],
  ["APP-007", [[1,0,0,2,0],[0,1,0,2,0],[2,0,1,0,0]], [0,0,0,2,0,0], [0,0,0,0,0,4]],
  ["APP-008", [[1,0,0,2,0],[0,1,0,2,0],[0,0,4,0,0]], [0,0,0,2,0,0], [0,0,0,0,0,4]],
  ["APP-009", [[1,0,0,2,0],[0,1,0,2,0],[0,0,5,0,0]], [0,0,0,2,0,0], [0,0,0,0,0,4]],
  ["APP-010", [[1,0,0,2,0],[0,1,0,2,0],[0,0,3,0,0]], [0,0,0,2,0,0], [0,0,0,0,0,4]],
  ["APP-011-OR1", [[1,0,0,2,0],[0,1,0,2,0],[0,1,2,0,0]], [0,0,0,1,0,0], [0,0,0,0,0,4]],
  ["APP-011", [[1,0,0,2,0],[0,1,0,2,0],[1,0,2,0,0]], [0,0,0,1,0,0], [0,0,0,0,0,4]],
  ["APP-012-OR1", [[1,0,0,2,0],[0,1,0,2,0],[0,1,3,0,0]], [0,0,0,2/3,0,0], [0,0,0,0,0,4]],
  ["APP-012", [[1,0,0,2,0],[0,1,0,2,0],[1,0,3,0,0]], [0,0,0,2/3,0,0], [0,0,0,0,0,4]],
  ["APP-013", [[1,0,0,2,0],[0,1,0,1,1],[1,1,1,0,0]], [0,0,0,2,0,0], [0,0,0,0,0,4]],
  ["APP-014", [[1,0,0,2,0],[0,1,0,1,1],[0,2,1,0,0]], [0,0,0,1,0,2], [0,0,0,1,0,-2]],
  ["APP-015", [[1,0,0,2,0],[0,1,0,1,1],[1,0,3,0,0]], [0,0,0,0,1,1], [0,0,0,0,1,-1]],
  ["APP-016", [[1,0,0,2,0],[0,1,0,1,1],[0,1,3,0,0]], [0,0,0,2,0,0], [0,0,0,0,0,4]],
  ["APP-017", [[1,0,0,2,0],[0,1,0,1,1],[0,0,5,0,0]], [0,0,0,0,1,2], [0,0,0,0,1,-2]],
  ["APP-018", [[1,0,0,2,0],[0,1,0,1,1],[1,0,2,0,0]], [0,0,0,0,1,0], [0,0,0,0,0,4]],
  ["APP-019", [[1,0,0,2,0],[0,1,0,1,1],[0,0,3,0,0]], [0,0,0,0,1,2], [0,0,0,0,1,-2]],
  ["APP-020", [[1,0,0,2,0],[0,1,0,1,1],[0,1,2,0,0]], [0,0,0,2,0,0], [0,0,0,0,0,4]],
  ["APP-021", [[1,0,0,2,0],[0,1,0,1,1],[0,0,4,0,0]], [0,0,0,0,1,2], [0,0,0,0,1,-2]],
  ["APP-022", [[1,0,0,2,0],[0,1,0,1,1],[2,0,1,0,0]], [0,0,0,0,1,2], [0,0,0,0,1,-2]],
  ["APP-023", [[1,0,0,2,0],[0,1,0,0,2],[2,0,1,0,0]], [0,0,0,2,0,0], [0,0,0,0,0,4]],
  ["APP-024", [[1,0,0,2,0],[0,1,0,0,2],[0,2,1,0,0]], [0,0,0,0,2,0], [0,0,0,0,0,4]],
  ["APP-025", [[1,0,0,2,0],[0,1,0,0,2],[1,0,2,0,0]], [0,0,0,1,0,0], [0,0,0,0,0,4]],
  ["APP-026", [[1,0,0,2,0],[0,1,0,0,2],[1,1,1,0,0]], [0,0,0,0,2,0], [0,0,0,0,0,4]],
  ["APP-027", [[1,0,0,2,0],[0,1,0,0,2],[0,0,3,0,0]], [0,0,0,2,0,0], [0,0,0,0,0,4]],
  ["APP-028", [[1,0,0,2,0],[0,1,0,0,2],[1,0,3,0,0]], [0,0,0,2/3,0,0], [0,0,0,0,0,4]],
  ["APP-029", [[1,0,0,2,0],[0,1,0,0,2],[0,1,2,0,0]], [0,0,0,0,1,0], [0,0,0,0,0,4]],
  ["APP-030", [[1,0,0,2,0],[0,1,0,0,2],[0,0,4,0,0]], [0,0,0,0,2,0], [0,0,0,0,0,4]],
  ["APP-031", [[1,0,0,2,0],[0,1,0,0,2],[0,1,3,0,0]], [0,0,0,0,2/3,0], [0,0,0,0,0,4]],
  ["APP-032", [[1,0,0,2,0],[0,1,0,0,2],[0,0,5,0,0]], [0,0,0,0,2,0], [0,0,0,0,0,4]],
  ["APP-033-OR1", [[1,0,0,2,0],[0,0,1,2,0],[1,1,1,0,0]], [0,0,0,0,2,0], [0,0,0,0,0,4]],
  ["APP-033-OR2", [[1,0,0,2,0],[0,0,1,2,0],[0,1,2,0,0]], [0,0,0,0,2,0], [0,0,0,0,0,4]],
  ["APP-033", [[1,0,0,2,0],[0,0,1,2,0],[2,1,0,0,0]], [0,0,0,0,2,0], [0,0,0,0,0,4]],
  ["APP-034", [[1,0,0,2,0],[0,0,1,2,0],[0,3,0,0,0]], [0,0,0,2,0,0], [0,0,0,0,0,4]],
  ["APP-035-OR1", [[1,0,0,2,0],[0,0,1,2,0],[0,3,1,0,0]], [0,0,0,2/3,0,0], [0,0,0,0,0,4]],
  ["APP-035", [[1,0,0,2,0],[0,0,1,2,0],[1,3,0,0,0]], [0,0,0,2/3,0,0], [0,0,0,0,0,4]],
  ["APP-036", [[1,0,0,2,0],[0,0,1,2,0],[0,5,0,0,0]], [0,0,0,2,0,0], [0,0,0,0,0,4]],
  ["APP-037-OR1", [[1,0,0,2,0],[0,0,1,2,0],[0,2,1,0,0]], [0,0,0,0,1/2,2], [0,0,0,0,1/2,-2]],
  ["APP-037", [[1,0,0,2,0],[0,0,1,2,0],[1,2,0,0,0]], [0,0,0,0,1/2,2], [0,0,0,0,1/2,-2]],
  ["APP-038", [[1,0,0,2,0],[0,0,1,2,0],[0,4,0,0,0]], [0,0,0,0,2/3,0], [0,0,0,0,0,4/3]],
  ["APP-039", [[1,0,0,2,0],[0,0,1,1,1],[2,1,0,0,0]], [0,0,0,0,1,0], [0,0,0,0,0,2]],
  ["APP-040", [[1,0,0,2,0],[0,0,1,1,1],[0,3,0,0,0]], [0,0,0,0,1,2], [0,0,0,0,1,-2]],
  ["APP-041", [[1,0,0,2,0],[0,0,1,1,1],[0,2,1,0,0]], [0,0,0,2,0,0], [0,0,0,0,0,4]],
  ["APP-042", [[1,0,0,2,0],[0,0,1,1,1],[1,3,0,0,0]], [0,0,0,0,1,1], [0,0,0,0,1,-1]],
  ["APP-043", [[1,0,0,2,0],[0,0,1,1,1],[0,4,0,0,0]], [0,0,0,0,1,2], [0,0,0,0,1,-2]],
  ["APP-044", [[1,0,0,2,0],[0,0,1,1,1],[0,3,1,0,0]], [0,0,0,2,0,0], [0,0,0,0,0,4]],
  ["APP-045", [[1,0,0,2,0],[0,0,1,1,1],[0,5,0,0,0]], [0,0,0,0,1,2], [0,0,0,0,1,-2]],
  ["APP-046", [[1,0,0,2,0],[0,0,1,1,1],[1,1,1,0,0]], [0,0,0,0,2,0], [0,0,0,0,0,4]],
  ["APP-047", [[1,0,0,2,0],[0,0,1,1,1],[1,2,0,0,0]], [0,0,0,0,1,0], [0,0,0,0,0,4]],
  ["APP-048", [[1,0,0,2,0],[0,0,1,1,1],[0,1,2,0,0]], [0,0,0,1,0,2], [0,0,0,1,0,-2]],
  ["APP-049", [[1,0,0,2,0],[0,0,1,0,2],[2,1,0,0,0]], [0,0,0,0,2/3,0], [0,0,0,0,0,4/3]],
  ["APP-050", [[1,0,0,2,0],[0,0,1,0,2],[1,1,1,0,0]], [0,0,0,0,2,0], [0,0,0,0,0,4]],
  ["APP-051", [[1,0,0,2,0],[0,0,1,0,2],[0,3,0,0,0]], [0,0,0,0,2,0], [0,0,0,0,0,4]],
  ["APP-052", [[1,0,0,2,0],[0,0,1,0,2],[0,2,1,0,0]], [0,0,0,0,1,0], [0,0,0,0,0,4]],
  ["APP-053", [[1,0,0,2,0],[0,0,1,0,2],[0,1,2,0,0]], [0,0,0,0,2,0], [0,0,0,0,0,4]],
  ["APP-054", [[1,0,0,2,0],[0,0,1,0,2],[1,3,0,0,0]], [0,0,0,0,2,0], [0,0,0,0,0,4]],
  ["APP-055", [[1,0,0,2,0],[0,0,1,0,2],[0,4,0,0,0]], [0,0,0,0,2,0], [0,0,0,0,0,4]],
  ["APP-056", [[1,0,0,2,0],[0,0,1,0,2],[0,3,1,0,0]], [0,0,0,0,2/3,0], [0,0,0,0,0,4]],
  ["APP-057", [[1,0,0,2,0],[0,0,1,0,2],[0,5,0,0,0]], [0,0,0,0,2,0], [0,0,0,0,0,4]],
  ["APP-058", [[1,0,0,2,0],[0,0,1,0,2],[1,2,0,0,0]], [0,0,0,1,0,0], [0,0,0,0,0,4]],
  ["APP-059", [[1,0,0,1,1],[0,1,0,2,0],[2,0,1,0,0]], [0,0,0,1,0,0], [0,0,0,0,0,2]],
  ["APP-060", [[1,0,0,1,1],[0,1,0,2,0],[1,1,1,0,0]], [0,0,0,2,0,0], [0,0,0,0,0,4]],
  ["APP-061", [[1,0,0,1,1],[0,1,0,2,0],[1,0,2,0,0]], [0,0,0,2,0,0], [0,0,0,0,0,4]],
  ["APP-062", [[1,0,0,1,1],[0,1,0,2,0],[0,2,1,0,0]], [0,0,0,0,1,0], [0,0,0,0,0,2]],
  ["APP-063", [[1,0,0,1,1],[0,1,0,2,0],[0,1,2,0,0]], [0,0,0,0,1,0], [0,0,0,0,0,4]],
  ["APP-064", [[1,0,0,1,1],[0,1,0,2,0],[0,0,3,0,0]], [0,0,0,0,1,2], [0,0,0,0,1,-2]],
  ["APP-065", [[1,0,0,1,1],[0,1,0,2,0],[1,0,3,0,0]], [0,0,0,2,0,0], [0,0,0,0,0,4]],
  ["APP-066", [[1,0,0,1,1],[0,1,0,2,0],[0,1,3,0,0]], [0,0,0,0,1,1], [0,0,0,0,1,-1]],
  ["APP-067", [[1,0,0,1,1],[0,1,0,2,0],[0,0,4,0,0]], [0,0,0,0,1,2], [0,0,0,0,1,-2]],
  ["APP-068", [[1,0,0,1,1],[0,1,0,2,0],[0,0,5,0,0]], [0,0,0,0,1,2], [0,0,0,0,1,-2]],
  ["APP-069-OR1", [[1,0,0,1,1],[0,1,0,1,1],[1,1,1,0,0]], [0,0,0,2,0,0], [0,0,0,0,0,4]],
  ["APP-069-OR2", [[1,0,0,1,1],[0,1,0,1,1],[0,2,1,0,0]], [0,0,0,2,0,0], [0,0,0,0,0,4]],
  ["APP-069", [[1,0,0,1,1],[0,1,0,1,1],[2,0,1,0,0]], [0,0,0,2,0,0], [0,0,0,0,0,4]],
  ["APP-070", [[1,0,0,1,1],[0,1,0,1,1],[0,0,3,0,0]], [0,0,0,2,0,0], [0,0,0,0,0,4]],
  ["APP-071-OR1", [[1,0,0,1,1],[0,1,0,1,1],[0,1,3,0,0]], [0,0,0,2,0,0], [0,0,0,0,0,2]],
  ["APP-071", [[1,0,0,1,1],[0,1,0,1,1],[1,0,3,0,0]], [0,0,0,2,0,0], [0,0,0,0,0,2]],
  ["APP-072", [[1,0,0,1,1],[0,1,0,1,1],[0,0,4,0,0]], [0,0,0,2,0,0], [0,0,0,0,0,4]],
  ["APP-073", [[1,0,0,1,1],[0,1,0,1,1],[0,0,5,0,0]], [0,0,0,2,0,0], [0,0,0,0,0,4]],
  ["APP-074-OR1", [[1,0,0,1,1],[0,1,0,1,1],[0,1,2,0,0]], [0,0,0,2,0,0], [0,0,0,0,0,4]],
  ["APP-074", [[1,0,0,1,1],[0,1,0,1,1],[1,0,2,0,0]], [0,0,0,2,0,0], [0,0,0,0,0,4]],
  ["APP-075", [[1,0,0,1,1],[0,1,0,0,2],[2,0,1,0,0]], [0,0,0,0,1,2], [0,0,0,0,1,-2]],
  ["APP-076", [[1,0,0,1,1],[0,1,0,0,2],[1,1,1,0,0]], [0,0,0,0,2,0], [0,0,0,0,0,4]],
  ["APP-077", [[1,0,0,1,1],[0,1,0,0,2],[1,0,2,0,0]], [0,0,0,0,2,0], [0,0,0,0,0,4]],
  ["APP-078", [[1,0,0,1,1],[0,1,0,0,2],[0,2,1,0,0]], [0,0,0,1,0,0], [0,0,0,0,0,2]],
  ["APP-079", [[1,0,0,1,1],[0,1,0,0,2],[0,1,2,0,0]], [0,0,0,1,0,0], [0,0,0,0,0,4]],
  ["APP-080", [[1,0,0,1,1],[0,1,0,0,2],[0,0,3,0,0]], [0,0,0,1,0,0], [0,0,0,0,0,2]],
  ["APP-081", [[1,0,0,1,1],[0,1,0,0,2],[1,0,3,0,0]], [0,0,0,0,2,0], [0,0,0,0,0,4]],
  ["APP-082", [[1,0,0,1,1],[0,1,0,0,2],[0,0,4,0,0]], [0,0,0,1,0,0], [0,0,0,0,0,2]],
  ["APP-083", [[1,0,0,1,1],[0,1,0,0,2],[0,1,3,0,0]], [0,0,0,1,0,0], [0,0,0,0,0,1]],
  ["APP-084", [[1,0,0,1,1],[0,1,0,0,2],[0,0,5,0,0]], [0,0,0,1,0,0], [0,0,0,0,0,2]],
  ["APP-085", [[0,1,0,2,0],[0,0,1,0,2],[3,0,0,0,0]], [0,0,0,2,0,0], [0,0,0,0,0,4]],
  ["APP-086-OR1", [[0,1,0,2,0],[0,0,1,0,2],[2,0,1,0,0]], [0,0,0,1,0,0], [0,0,0,0,0,4]],
  ["APP-086", [[0,1,0,2,0],[0,0,1,0,2],[2,1,0,0,0]], [0,0,0,1,0,0], [0,0,0,0,0,4]],
  ["APP-087", [[0,1,0,2,0],[0,0,1,0,2],[1,1,1,0,0]], [0,0,0,2,0,0], [0,0,0,0,0,4]],
  ["APP-088-OR1", [[0,1,0,2,0],[0,0,1,0,2],[1,0,2,0,0]], [0,0,0,2,0,0], [0,0,0,0,0,4]],
  ["APP-088", [[0,1,0,2,0],[0,0,1,0,2],[1,2,0,0,0]], [0,0,0,2,0,0], [0,0,0,0,0,4]],
  ["APP-089", [[0,1,0,2,0],[0,0,1,0,2],[4,0,0,0,0]], [0,0,0,2,0,0], [0,0,0,0,0,4]],
  ["APP-090-OR1", [[0,1,0,2,0],[0,0,1,0,2],[3,0,1,0,0]], [0,0,0,2/3,0,0], [0,0,0,0,0,4]],
  ["APP-090", [[0,1,0,2,0],[0,0,1,0,2],[3,1,0,0,0]], [0,0,0,2/3,0,0], [0,0,0,0,0,4]],
  ["APP-091", [[0,1,0,2,0],[0,0,1,0,2],[5,0,0,0,0]], [0,0,0,2,0,0], [0,0,0,0,0,4]],
  ["APP-092", [[0,1,0,1,1],[0,0,1,0,2],[3,0,0,0,0]], [0,0,0,1,0,2], [0,0,0,1,0,-2]],
  ["APP-093", [[0,1,0,1,1],[0,0,1,0,2],[2,1,0,0,0]], [0,0,0,2/3,0,0], [0,0,0,0,0,4/3]],
  ["APP-094", [[0,1,0,1,1],[0,0,1,0,2],[2,0,1,0,0]], [0,0,0,1,0,0], [0,0,0,0,0,4]],
  ["APP-095", [[0,1,0,1,1],[0,0,1,0,2],[1,2,0,0,0]], [0,0,0,0,1,2], [0,0,0,0,1,-2]],
  ["APP-096", [[0,1,0,1,1],[0,0,1,0,2],[1,1,1,0,0]], [0,0,0,1,0,0], [0,0,0,0,0,4]],
  ["APP-097", [[0,1,0,1,1],[0,0,1,0,2],[1,0,2,0,0]], [0,0,0,1,0,2], [0,0,0,1,0,-2]],
  ["APP-098", [[0,1,0,1,1],[0,0,1,0,2],[4,0,0,0,0]], [0,0,0,1,0,2], [0,0,0,1,0,-2]],
  ["APP-099", [[0,1,0,1,1],[0,0,1,0,2],[3,1,0,0,0]], [0,0,0,2/5,0,0], [0,0,0,0,0,4/5]],
  ["APP-100", [[0,1,0,1,1],[0,0,1,0,2],[3,0,1,0,0]], [0,0,0,1,0,1], [0,0,0,1,0,-1]],
  ["APP-101", [[0,1,0,1,1],[0,0,1,0,2],[5,0,0,0,0]], [0,0,0,1,0,2], [0,0,0,1,0,-2]],
  ["APP-102", [[1,0,0,2,0],[0,0,0,1,3],[1,2,0,0,0]], [0,0,0,1/3,0,0], [0,0,0,0,0,4]],
  ["APP-103", [[1,0,0,2,0],[0,0,0,1,3],[1,1,1,0,0]], [0,0,1,0,0,0], [0,0,0,0,0,4]],
  ["APP-104", [[1,0,0,2,0],[0,0,0,1,3],[0,3,0,0,0]], [0,0,1/2,0,0,2], [0,0,1/2,0,0,-2]],
  ["APP-105", [[1,0,0,2,0],[0,0,0,1,3],[0,2,1,0,0]], [0,0,1/4,0,0,2], [0,0,1/4,0,0,-2]],
  ["APP-106", [[1,0,0,2,0],[0,0,0,1,3],[0,1,2,0,0]], [0,0,1/2,0,0,2], [0,0,1/2,0,0,-2]],
  ["APP-107", [[1,0,0,2,0],[0,0,0,0,4],[1,2,0,0,0]], [0,0,0,1,0,0], [0,0,0,0,0,4]],
  ["APP-108", [[1,0,0,2,0],[0,0,0,0,4],[1,1,1,0,0]], [0,0,1,0,0,0], [0,0,0,0,0,4]],
  ["APP-109", [[1,0,0,2,0],[0,0,0,0,4],[0,3,0,0,0]], [0,0,1,0,0,0], [0,0,0,0,0,4]],
  ["APP-110", [[1,0,0,2,0],[0,0,0,0,4],[0,2,1,0,0]], [0,0,1/2,0,0,0], [0,0,0,0,0,4]],
  ["APP-111", [[1,0,0,2,0],[0,0,0,0,4],[0,1,2,0,0]], [0,0,1,0,0,0], [0,0,0,0,0,4]],
  ["APP-112", [[0,1,0,2,0],[0,0,0,1,3],[2,1,0,0,0]], [0,0,1,0,0,0], [0,0,0,0,0,4]],
  ["APP-113", [[0,1,0,2,0],[0,0,0,1,3],[1,2,0,0,0]], [0,0,0,2/3,0,0], [0,0,0,0,0,4]],
  ["APP-114", [[0,1,0,2,0],[0,0,0,1,3],[1,1,1,0,0]], [0,0,1,0,0,0], [0,0,0,0,0,4]],
  ["APP-115", [[0,1,0,2,0],[0,0,0,0,4],[2,1,0,0,0]], [0,0,0,1,0,0], [0,0,0,0,0,4]],
  ["APP-116", [[0,1,0,2,0],[0,0,0,0,4],[1,2,0,0,0]], [0,0,0,1,0,0], [0,0,0,0,0,4]],
  ["APP-117", [[0,1,0,2,0],[0,0,0,0,4],[1,1,1,0,0]], [0,0,1,0,0,0], [0,0,0,0,0,4]],
  ["APP-118", [[0,0,1,2,0],[0,0,0,1,3],[2,1,0,0,0]], [0,0,0,2/3,0,0], [0,0,0,0,0,4]],
  ["APP-119", [[0,0,1,2,0],[0,0,0,1,3],[1,2,0,0,0]], [0,0,0,2/3,0,0], [0,0,0,0,0,2]],
  ["APP-120", [[0,0,1,2,0],[0,0,0,1,3],[1,1,1,0,0]], [0,1,0,0,0,0], [0,0,0,0,0,4]],
  ["APP-121", [[0,0,1,2,0],[0,0,0,0,4],[2,1,0,0,0]], [0,0,0,1,0,0], [0,0,0,0,0,4]],
  ["APP-122", [[0,0,1,2,0],[0,0,0,0,4],[1,2,0,0,0]], [0,0,0,1,0,0], [0,0,0,0,0,4]],
  ["APP-123", [[0,0,1,2,0],[0,0,0,0,4],[1,1,1,0,0]], [0,1,0,0,0,0], [0,0,0,0,0,4]],
  ["APP-124-OR1", [[0,1,0,1,1],[2,1,0,0,0],[0,1,2,0,0]], [0,0,0,2,0,0], [0,0,0,0,0,2]],
  ["APP-124", [[0,1,0,1,1],[2,1,0,0,0],[1,1,1,0,0]], [0,0,0,2,0,0], [0,0,0,0,0,2]],
  ["APP-125", [[0,1,0,1,1],[2,1,0,0,0],[0,2,1,0,0]], [0,0,0,2,0,0], [0,0,0,0,0,4/5]],
  ["APP-126", [[0,1,0,1,1],[2,1,0,0,0],[0,0,3,0,0]], [0,0,0,2,0,0], [0,0,0,0,0,4]],
  ["APP-127", [[0,1,0,1,1],[2,1,0,0,0],[1,0,3,0,0]], [0,0,0,2,0,0], [0,0,0,0,0,2]],
  ["APP-128", [[0,1,0,1,1],[2,1,0,0,0],[0,1,3,0,0]], [0,0,0,2,0,0], [0,0,0,0,0,4/5]],
  ["APP-129", [[0,1,0,1,1],[2,1,0,0,0],[0,0,4,0,0]], [0,0,0,2,0,0], [0,0,0,0,0,4]],
  ["APP-130", [[0,1,0,1,1],[2,1,0,0,0],[0,0,5,0,0]], [0,0,0,2,0,0], [0,0,0,0,0,4]],
  ["APP-131", [[0,1,0,1,1],[2,1,0,0,0],[1,0,2,0,0]], [0,0,0,2,0,0], [0,0,0,0,0,4]],
  ["APP-132", [[0,1,0,1,1],[3,0,0,0,0],[1,2,0,0,0]], [0,0,0,2,0,0], [0,0,0,0,0,4]],
  ["APP-133", [[0,1,0,1,1],[2,0,1,0,0],[1,2,0,0,0]], [0,0,0,2,0,0], [0,0,0,0,0,2]],
  ["APP-134-OR1", [[0,1,0,1,1],[2,0,1,0,0],[0,2,1,0,0]], [0,0,0,2,0,0], [0,0,0,0,0,4]],
  ["APP-134", [[0,1,0,1,1],[2,0,1,0,0],[1,1,1,0,0]], [0,0,0,2,0,0], [0,0,0,0,0,4]],
  ["APP-135", [[0,1,0,1,1],[2,0,1,0,0],[0,3,0,0,0]], [0,0,0,2,0,0], [0,0,0,0,0,4]],
  ["APP-136", [[0,1,0,1,1],[2,0,1,0,0],[2,2,0,0,0]], [0,0,0,2,0,0], [0,0,0,0,0,4]],
  ["APP-137", [[0,1,0,1,1],[2,0,1,0,0],[1,3,0,0,0]], [0,0,0,2,0,0], [0,0,0,0,0,4/3]],
  ["APP-138", [[0,1,0,1,1],[2,0,1,0,0],[1,2,1,0,0]], [0,0,0,2,0,0], [0,0,0,0,0,2]],
  ["APP-139", [[0,1,0,1,1],[2,0,1,0,0],[0,1,1,2,0]], [0,0,0,2,0,0], [0,0,0,0,0,4]],
  ["APP-140", [[0,1,0,1,1],[2,0,1,0,0],[0,0,2,2,0]], [0,0,0,0,1,0], [0,0,0,0,0,4]],
  ["APP-141", [[0,1,0,1,1],[2,0,1,0,0],[2,3,0,0,0]], [0,0,0,2,0,0], [0,0,0,0,0,4/3]],
  ["APP-142", [[0,1,0,1,1],[2,0,1,0,0],[1,4,0,0,0]], [0,0,0,2,0,0], [0,0,0,0,0,1]],
  ["APP-143", [[0,1,0,1,1],[2,0,1,0,0],[1,2,2,0,0]], [0,0,0,2,0,0], [0,0,0,0,0,2]],
  ["APP-144", [[0,1,0,1,1],[2,0,1,0,0],[1,2,0,2,0]], [0,0,0,1,0,2], [0,0,0,1,0,-2]],
  ["APP-145", [[0,1,0,1,1],[2,0,1,0,0],[1,2,0,0,2]], [0,0,0,0,1,2], [0,0,0,0,1,-2]],
  ["APP-146", [[0,1,0,1,1],[2,0,1,0,0],[1,1,3,0,0]], [0,0,0,2,0,0], [0,0,0,0,0,4]],
  ["APP-147", [[0,1,0,1,1],[2,0,1,0,0],[1,1,1,2,0]], [0,0,0,2,0,0], [0,0,0,0,0,4]],
  ["APP-148", [[0,1,0,1,1],[2,0,1,0,0],[1,1,1,0,2]], [0,0,0,2,0,0], [0,0,0,0,0,4]],
  ["APP-149", [[0,1,0,1,1],[2,0,1,0,0],[1,0,2,2,0]], [0,0,0,0,1,2], [0,0,0,0,1,-2]],
  ["APP-150", [[0,1,0,1,1],[2,0,1,0,0],[1,0,2,1,1]], [0,0,0,2,0,0], [0,0,0,0,0,4]],
  ["APP-151", [[0,1,0,1,1],[2,0,1,0,0],[1,0,2,0,2]], [0,0,0,1,0,2], [0,0,0,1,0,-2]],
  ["APP-152", [[0,1,0,1,1],[2,0,1,0,0],[0,2,1,2,0]], [0,0,0,1,0,0], [0,0,0,0,0,4]],
  ["APP-153", [[0,1,0,1,1],[2,0,1,0,0],[0,0,3,2,0]], [0,0,0,0,1,0], [0,0,0,0,0,4]],
  ["APP-154-OR1", [[0,1,0,1,1],[2,0,1,0,0],[0,0,3,0,0]], [0,0,0,1,0,0], [0,0,0,0,1,0]],
  ["APP-154", [[0,1,0,1,1],[2,0,1,0,0],[1,0,2,0,0]], [0,0,0,1,0,0], [0,0,0,0,1,0]],
  ["APP-155", [[0,1,0,1,1],[2,0,1,0,0],[0,1,2,0,0]], [0,0,0,2,0,0], [0,0,0,0,0,4]],
  ["APP-156", [[0,1,0,1,1],[2,0,1,0,0],[1,0,3,0,0]], [0,0,0,1,0,0], [0,0,0,0,1,0]],
  ["APP-157", [[0,1,0,1,1],[2,0,1,0,0],[0,0,3,1,1]], [0,0,0,2,0,0], [0,0,0,0,0,4]],
  ["APP-159", [[0,1,0,1,1],[2,0,1,0,0],[1,1,2,0,0]], [0,0,0,2,0,0], [0,0,0,0,0,4]],
  ["APP-160", [[0,1,0,1,1],[2,0,1,0,0],[0,2,0,2,0]], [0,0,0,1,0,0], [0,0,0,0,0,4]],
  ["APP-161", [[0,1,0,1,1],[2,0,1,0,0],[0,0,2,1,1]], [0,0,0,2,0,0], [0,0,0,0,0,4]],
  ["APP-162", [[0,1,0,1,1],[2,0,1,0,0],[1,0,4,0,0]], [0,0,0,1,0,0], [0,0,0,0,1,0]],
  ["APP-163", [[0,1,0,1,1],[2,0,1,0,0],[0,1,2,2,0]], [0,0,0,2,0,0], [0,0,0,0,0,4]],
  ["APP-164", [[0,1,0,1,1],[2,0,1,0,0],[1,3,1,0,0]], [0,0,0,2,0,0], [0,0,0,0,0,4/3]],
  ["APP-165", [[0,1,0,1,1],[2,0,1,0,0],[0,3,0,2,0]], [0,0,0,2/3,0,0], [0,0,0,0,0,4]],
  ["APP-166", [[0,1,0,1,1],[1,1,1,0,0],[3,0,0,0,0]], [0,0,0,2,0,0], [0,0,0,0,0,4]],
  ["APP-167", [[0,1,0,1,1],[1,1,1,0,0],[4,0,0,0,0]], [0,0,0,2,0,0], [0,0,0,0,0,4]],
  ["APP-168", [[0,1,0,1,1],[1,1,1,0,0],[3,1,0,0,0]], [0,0,0,2,0,0], [0,0,0,0,0,4/3]],
  ["APP-169-OR1", [[0,1,0,1,1],[1,1,1,0,0],[2,0,0,1,1]], [0,0,0,2,0,0], [0,0,0,0,0,2]],
  ["APP-169", [[0,1,0,1,1],[1,1,1,0,0],[3,0,1,0,0]], [0,0,0,2,0,0], [0,0,0,0,0,2]],
  ["APP-170", [[0,1,0,1,1],[1,1,1,0,0],[2,0,0,2,0]], [0,0,0,1,0,0], [0,0,0,0,0,4]],
  ["APP-171-OR1", [[0,1,0,1,1],[1,1,1,0,0],[0,0,0,3,1]], [0,0,1,0,0,0], [0,0,0,0,0,4]],
  ["APP-171", [[0,1,0,1,1],[1,1,1,0,0],[1,0,1,2,0]], [0,0,1,0,0,0], [0,0,0,0,0,4]],
  ["APP-172", [[0,1,0,1,1],[1,1,1,0,0],[2,1,0,2,0]], [0,0,0,1,0,2], [0,0,0,1,0,-2]],
  ["APP-173", [[0,1,0,1,1],[1,1,1,0,0],[5,0,0,0,0]], [0,0,0,2,0,0], [0,0,0,0,0,4]],
  ["APP-174", [[0,1,0,1,1],[1,1,1,0,0],[4,1,0,0,0]], [0,0,0,2,0,0], [0,0,0,0,0,1]],
  ["APP-175", [[0,1,0,1,1],[1,1,1,0,0],[3,2,0,0,0]], [0,0,0,2,0,0], [0,0,0,0,0,4/3]],
  ["APP-176", [[0,1,0,1,1],[1,1,1,0,0],[3,0,0,2,0]], [0,0,0,2/3,0,0], [0,0,0,0,0,4]],
  ["APP-177-OR1", [[0,1,0,1,1],[1,1,1,0,0],[1,0,0,1,3]], [0,0,0,2,0,0], [0,0,0,0,0,4]],
  ["APP-177", [[0,1,0,1,1],[1,1,1,0,0],[2,0,1,0,2]], [0,0,0,2,0,0], [0,0,0,0,0,4]],
  ["APP-178-OR1", [[0,1,0,1,1],[1,1,1,0,0],[0,0,1,3,1]], [0,0,0,2,0,0], [0,0,0,0,0,4]],
  ["APP-178", [[0,1,0,1,1],[1,1,1,0,0],[1,0,2,2,0]], [0,0,0,2,0,0], [0,0,0,0,0,4]],
  ["APP-179", [[0,1,0,1,1],[1,1,1,0,0],[2,1,0,0,2]], [0,0,0,1,0,2], [0,0,0,1,0,-2]],
  ["APP-180-OR1", [[0,1,0,1,1],[1,1,1,0,0],[3,0,0,1,1]], [0,0,0,2,0,0], [0,0,0,0,0,4/3]],
  ["APP-180", [[0,1,0,1,1],[1,1,1,0,0],[4,0,1,0,0]], [0,0,0,2,0,0], [0,0,0,0,0,4/3]],
  ["APP-181-OR1", [[0,1,0,1,1],[1,1,1,0,0],[1,0,0,3,1]], [0,0,0,1,0,0], [0,0,0,0,0,4]],
  ["APP-181", [[0,1,0,1,1],[1,1,1,0,0],[2,0,1,2,0]], [0,0,0,1,0,0], [0,0,0,0,0,4]],
  ["APP-182", [[0,1,0,1,1],[1,1,1,0,0],[0,0,1,4,0]], [0,0,0,2,0,0], [0,0,0,0,0,4]],
  ["APP-183", [[0,1,0,1,1],[1,1,1,0,0],[2,0,0,0,2]], [0,0,0,1,0,0], [0,0,0,0,0,4]],
  ["APP-184", [[0,1,0,1,1],[1,1,1,0,0],[3,0,0,0,2]], [0,0,0,0,2/3,0], [0,0,0,0,0,4]],
  ["APP-185-OR1", [[0,1,0,1,1],[1,0,2,0,0],[1,0,0,2,2]], [0,0,0,2,0,0], [0,0,0,0,0,4]],
  ["APP-185", [[0,1,0,1,1],[1,0,2,0,0],[1,0,1,1,1]], [0,0,0,2,0,0], [0,0,0,0,0,4]],
  ["APP-186", [[0,1,0,1,1],[1,0,2,0,0],[1,0,1,0,2]], [0,0,0,1,0,2], [0,0,0,1,0,-2]],
  ["APP-187", [[0,1,0,1,1],[1,0,2,0,0],[0,0,0,2,2]], [0,0,0,2,0,0], [0,0,0,0,0,4]],
  ["APP-188", [[0,1,0,1,1],[1,0,2,0,0],[3,1,1,0,0]], [0,0,0,2,0,0], [0,0,0,0,0,4]],
  ["APP-189", [[0,1,0,1,1],[1,0,2,0,0],[2,2,1,0,0]], [0,0,0,2,0,0], [0,0,0,0,0,2]],
  ["APP-190", [[0,1,0,1,1],[1,0,2,0,0],[1,1,1,0,2]], [0,0,0,2,0,0], [0,0,0,0,0,4]],
  ["APP-191", [[0,1,0,1,1],[1,0,2,0,0],[2,0,1,2,0]], [0,0,0,0,1,2], [0,0,0,0,1,-2]],
  ["APP-192", [[0,1,0,1,1],[1,0,2,0,0],[1,0,0,1,3]], [0,0,0,0,2,0], [0,0,0,0,0,4]],
  ["APP-193", [[0,1,0,1,1],[1,0,2,0,0],[0,0,1,3,1]], [0,0,0,2,0,0], [0,0,0,0,0,4]],
  ["APP-194", [[0,1,0,1,1],[1,0,2,0,0],[0,0,1,1,3]], [0,0,0,0,2,0], [0,0,0,0,0,4]],
  ["APP-195", [[0,1,0,1,1],[1,0,2,0,0],[1,0,0,3,1]], [0,0,0,2,0,0], [0,0,0,0,0,4]],
  ["APP-196", [[0,1,0,1,1],[1,0,2,0,0],[3,0,0,0,0]], [0,0,0,1,0,0], [0,0,0,0,1,0]],
  ["APP-197", [[0,1,0,1,1],[1,0,2,0,0],[1,0,1,2,0]], [0,0,0,0,1,2], [0,0,0,0,1,-2]],
  ["APP-198", [[0,1,0,1,1],[1,0,2,0,0],[4,0,1,0,0]], [0,0,0,1,0,0], [0,0,0,0,1,0]],
  ["APP-199", [[0,1,0,1,1],[1,0,2,0,0],[2,0,1,1,1]], [0,0,0,2,0,0], [0,0,0,0,0,4]],
  ["APP-200", [[0,1,0,1,1],[1,0,2,0,0],[0,0,1,2,2]], [0,0,0,2,0,0], [0,0,0,0,0,2]],
  ["APP-201", [[0,1,0,1,1],[1,0,2,0,0],[0,0,0,1,3]], [0,0,0,2/3,0,0], [0,0,0,0,0,4]],
  ["APP-202", [[0,1,0,1,1],[1,0,2,0,0],[2,1,1,0,0]], [0,0,0,2,0,0], [0,0,0,0,0,4]],
  ["APP-203", [[0,1,0,1,1],[1,0,2,0,0],[2,0,1,0,2]], [0,0,0,1,0,2], [0,0,0,1,0,-2]],
  ["APP-204", [[0,1,0,1,1],[1,0,2,0,0],[3,0,1,0,0]], [0,0,0,1,0,0], [0,0,0,0,1,0]],
  ["APP-205", [[0,1,0,1,1],[1,0,2,0,0],[2,0,0,1,1]], [0,0,0,2,0,0], [0,0,0,0,0,4]],
  ["APP-206", [[0,1,0,1,1],[1,0,2,0,0],[3,0,0,1,1]], [0,0,0,2,0,0], [0,0,0,0,0,4]],
  ["APP-207-OR1", [[1,0,0,1,1],[3,0,0,0,0],[1,2,0,0,0]], [0,0,0,2,0,0], [0,0,0,0,0,4]],
  ["APP-207-OR2", [[1,0,0,1,1],[3,0,0,0,0],[0,3,0,0,0]], [0,0,0,2,0,0], [0,0,0,0,0,4]],
  ["APP-207", [[1,0,0,1,1],[3,0,0,0,0],[2,1,0,0,0]], [0,0,0,2,0,0], [0,0,0,0,0,4]],
  ["APP-208", [[1,0,0,1,1],[3,0,0,0,0],[1,3,0,0,0]], [0,0,0,2,0,0], [0,0,0,0,0,4]],
  ["APP-209", [[1,0,0,1,1],[3,0,0,0,0],[0,4,0,0,0]], [0,0,0,2,0,0], [0,0,0,0,0,4]],
  ["APP-210", [[1,0,0,1,1],[3,0,0,0,0],[0,3,1,0,0]], [0,0,0,2,0,0], [0,0,0,0,0,2]],
  ["APP-211", [[1,0,0,1,1],[3,0,0,0,0],[0,5,0,0,0]], [0,0,0,2,0,0], [0,0,0,0,0,4]],
  ["APP-212", [[1,0,0,1,1],[2,0,1,0,0],[1,2,0,0,0]], [0,0,0,2,0,0], [0,0,0,0,0,4/5]],
  ["APP-213", [[1,0,0,1,1],[2,0,1,0,0],[1,1,1,0,0]], [0,0,0,2,0,0], [0,0,0,0,0,4]],
  ["APP-214", [[1,0,0,1,1],[2,0,1,0,0],[0,3,0,0,0]], [0,0,0,2,0,0], [0,0,0,0,0,2]],
  ["APP-215", [[1,0,0,1,1],[2,0,1,0,0],[1,3,0,0,0]], [0,0,0,2,0,0], [0,0,0,0,0,4/7]],
  ["APP-216", [[1,0,0,1,1],[2,0,1,0,0],[0,4,0,0,0]], [0,0,0,2,0,0], [0,0,0,0,0,2]],
  ["APP-217", [[1,0,0,1,1],[2,0,1,0,0],[0,3,1,0,0]], [0,0,0,2,0,0], [0,0,0,0,0,1]],
  ["APP-218", [[1,0,0,1,1],[2,0,1,0,0],[0,5,0,0,0]], [0,0,0,2,0,0], [0,0,0,0,0,2]],
  ["APP-219", [[1,0,0,1,1],[1,0,2,0,0],[2,1,0,0,0]], [0,0,0,2,0,0], [0,0,0,0,0,4/5]],
  ["APP-220", [[1,0,0,1,1],[1,0,2,0,0],[0,3,0,0,0]], [0,0,0,2,0,0], [0,0,0,0,0,4]],
  ["APP-221", [[1,0,0,1,1],[1,0,2,0,0],[1,3,0,0,0]], [0,0,0,2,0,0], [0,0,0,0,0,4/5]],
  ["APP-222", [[1,0,0,1,1],[1,0,2,0,0],[0,4,0,0,0]], [0,0,0,2,0,0], [0,0,0,0,0,4]],
  ["APP-223", [[1,0,0,1,1],[1,0,2,0,0],[0,3,1,0,0]], [0,0,0,2,0,0], [0,0,0,0,0,2]],
  ["APP-224", [[1,0,0,1,1],[1,0,2,0,0],[0,5,0,0,0]], [0,0,0,2,0,0], [0,0,0,0,0,4]],
  ["APP-225", [[1,0,0,1,1],[0,0,3,0,0],[2,1,0,0,0]], [0,0,0,2,0,0], [0,0,0,0,0,2]],
  ["APP-226", [[1,0,0,1,1],[0,0,3,0,0],[1,1,1,0,0]], [0,0,0,2,0,0], [0,0,0,0,0,4]],
  ["APP-227", [[1,0,0,1,1],[0,0,3,0,0],[1,2,0,0,0]], [0,0,0,2,0,0], [0,0,0,0,0,4]],
  ["APP-228", [[1,0,0,1,1],[0,0,3,0,0],[1,3,0,0,0]], [0,0,0,2,0,0], [0,0,0,0,0,4]],
  ["APP-229", [[1,0,0,1,1],[0,0,3,0,0],[0,4,0,0,0]], [0,0,0,1,1,0], [0,0,0,1,-1,0]],
  ["APP-230", [[1,0,0,1,1],[0,0,3,0,0],[0,3,1,0,0]], [0,0,0,1,0,0], [0,0,0,0,1,0]],
  ["APP-231", [[1,0,0,1,1],[0,0,3,0,0],[0,5,0,0,0]], [0,0,0,1,1,0], [0,0,0,1,-1,0]]

]:
